222
333
444
555
666
777
888
999
222
333
444
555
666
777
888
999
222
333
444
555
666
777
888
999
222
333
444
555
666
777
888
999
222
333
444
555
666
777
888
999
222
333
444
555
666
777
888
999
222
333
444
555
666
777
888
999
222
333
444
555
666
777
888
999
222
333
444
555
666
777
888
999
222
333
444
555
666
777
888
999
222
333
444
555
666
777
888
999
222
333
444
555
666
777
888
999
222
333
444
555
666
777
888
999
222
333
444
555
666
777
888
999
222
333
444
555
666
777
888
999
222
333
444
555
666
777
888
999
222
333
444
555
666
777
888
999
222
333
444
555
666
777
888
999
222
333
444
555
666
777
888
999
222
333
444
555
666
777
888
999
222
333
444
555
666
777
888
999
222
333
444
555
666
777
888
999


Rahul 9876543210
Amit 1234567890
John 919876543210
Sam 09876543210
Hello 5678901234